// Font: Roman Triplex - Bounds {-15, -16, 15, 16} 30 x 32 - Note: {left,right},{x1,y1,x2,y2},..
' ':-8,8
'!':-5,6|0,-12,-1,-11|-1,-11,-1,-9|-1,-9,0,-1|0,-12,0,2|0,2,1,2|0,-12,1,-12|1,-12,1,2|1,-12,2,-11|2,-11,2,-9|2,-9,1,-1|0,6,-1,7|-1,7,-1,8|-1,8,0,9|0,9,1,9|1,9,2,8|2,8,2,7|2,7,1,6|1,6,0,6|0,7,0,8|0,8,1,8|1,8,1,7|1,7,0,7
'"':-9,9|-4,-12,-5,-11|-5,-11,-5,-5|-4,-11,-5,-5|-4,-12,-3,-11|-3,-11,-5,-5|5,-12,4,-11|4,-11,4,-5|5,-11,4,-5|5,-12,6,-11|6,-11,4,-5
'#':-10,11|1,-12,-6,16|7,-12,0,16|-6,-1,8,-1|-7,5,7,5
'$':-10,10|-2,-16,-2,13|2,-16,2,13|6,-7,6,-8|6,-8,5,-8|5,-8,5,-6|5,-6,7,-6|7,-6,7,-8|7,-8,6,-10|6,-10,5,-11|5,-11,2,-12|2,-12,-2,-12|-2,-12,-5,-11|-5,-11,-7,-9|-7,-9,-7,-6|-7,-6,-6,-4|-6,-4,-3,-2|-3,-2,3,0|3,0,5,1|5,1,6,3|6,3,6,6|6,6,5,8|-6,-6,-5,-4|-5,-4,-3,-3|-3,-3,3,-1|3,-1,5,0|5,0,6,2|-5,-11,-6,-9|-6,-9,-6,-7|-6,-7,-5,-5|-5,-5,-3,-4|-3,-4,3,-2|3,-2,6,0|6,0,7,2|7,2,7,5|7,5,6,7|6,7,5,8|5,8,2,9|2,9,-2,9|-2,9,-5,8|-5,8,-6,7|-6,7,-7,5|-7,5,-7,3|-7,3,-5,3|-5,3,-5,5|-5,5,-6,5|-6,5,-6,4
'%':-12,12|9,-12,-9,9|-4,-12,-2,-10|-2,-10,-2,-8|-2,-8,-3,-6|-3,-6,-5,-5|-5,-5,-7,-5|-7,-5,-9,-7|-9,-7,-9,-9|-9,-9,-8,-11|-8,-11,-6,-12|-6,-12,-4,-12|-4,-12,-2,-11|-2,-11,1,-10|1,-10,4,-10|4,-10,7,-11|7,-11,9,-12|5,2,3,3|3,3,2,5|2,5,2,7|2,7,4,9|4,9,6,9|6,9,8,8|8,8,9,6|9,6,9,4|9,4,7,2|7,2,5,2
'&':-13,13|9,-3,9,-4|9,-4,8,-4|8,-4,8,-2|8,-2,10,-2|10,-2,10,-4|10,-4,9,-5|9,-5,8,-5|8,-5,7,-4|7,-4,6,-2|6,-2,4,3|4,3,2,6|2,6,0,8|0,8,-2,9|-2,9,-6,9|-6,9,-8,8|-8,8,-9,6|-9,6,-9,3|-9,3,-8,1|-8,1,-2,-3|-2,-3,0,-5|0,-5,1,-7|1,-7,1,-9|1,-9,0,-11|0,-11,-2,-12|-2,-12,-4,-11|-4,-11,-5,-9|-5,-9,-5,-6|-5,-6,-4,-3|-4,-3,-2,0|-2,0,2,5|2,5,5,8|5,8,7,9|7,9,9,9|9,9,10,7|10,7,10,6|-7,8,-8,6|-8,6,-8,3|-8,3,-7,1|-7,1,-6,0|0,-5,1,-9|1,-7,0,-11|-4,-11,-5,-7|-4,-4,-2,-1|-2,-1,2,4|2,4,5,7|5,7,7,8|-4,9,-6,8|-6,8,-7,6|-7,6,-7,3|-7,3,-6,1|-6,1,-2,-3|-5,-9,-4,-5|-4,-5,-1,-1|-1,-1,3,4|3,4,6,7|6,7,8,8|8,8,9,8|9,8,10,7
''':-5,6|2,-10,1,-9|1,-9,0,-9|0,-9,-1,-10|-1,-10,-1,-11|-1,-11,0,-12|0,-12,1,-12|1,-12,2,-11|2,-11,2,-8|2,-8,1,-6|1,-6,-1,-5|0,-11,0,-10|0,-10,1,-10|1,-10,1,-11|1,-11,0,-11|1,-9,2,-8|2,-10,1,-6
'(':-7,7|3,-16,1,-14|1,-14,-1,-11|-1,-11,-3,-7|-3,-7,-4,-2|-4,-2,-4,2|-4,2,-3,7|-3,7,-1,11|-1,11,1,14|1,14,3,16|-1,-10,-2,-7|-2,-7,-3,-3|-3,-3,-3,3|-3,3,-2,7|-2,7,-1,10|1,-14,0,-12|0,-12,-1,-9|-1,-9,-2,-3|-2,-3,-2,3|-2,3,-1,9|-1,9,0,12|0,12,1,14
')':-7,7|-3,-16,-1,-14|-1,-14,1,-11|1,-11,3,-7|3,-7,4,-2|4,-2,4,2|4,2,3,7|3,7,1,11|1,11,-1,14|-1,14,-3,16|1,-10,2,-7|2,-7,3,-3|3,-3,3,3|3,3,2,7|2,7,1,10|-1,-14,0,-12|0,-12,1,-9|1,-9,2,-3|2,-3,2,3|2,3,1,9|1,9,0,12|0,12,-1,14
'*':-8,8|0,-12,-1,-11|-1,-11,1,-1|1,-1,0,0|0,-12,0,0|0,-12,1,-11|1,-11,-1,-1|-1,-1,0,0|-5,-9,-4,-9|-4,-9,4,-3|4,-3,5,-3|-5,-9,5,-3|-5,-9,-5,-8|-5,-8,5,-4|5,-4,5,-3|5,-9,4,-9|4,-9,-4,-3|-4,-3,-5,-3|5,-9,-5,-3|5,-9,5,-8|5,-8,-5,-4|-5,-4,-5,-3
'+':-12,13|0,-9,0,8|0,8,1,8|0,-9,1,-9|1,-9,1,8|-8,-1,9,-1|9,-1,9,0|-8,-1,-8,0|-8,0,9,0
',':-5,6|2,8,1,9|1,9,0,9|0,9,-1,8|-1,8,-1,7|-1,7,0,6|0,6,1,6|1,6,2,7|2,7,2,10|2,10,1,12|1,12,-1,13|0,7,0,8|0,8,1,8|1,8,1,7|1,7,0,7|1,9,2,10|2,8,1,12
'-':-12,13|-8,-1,9,-1|9,-1,9,0|-8,-1,-8,0|-8,0,9,0
'.':-5,6|0,6,-1,7|-1,7,-1,8|-1,8,0,9|0,9,1,9|1,9,2,8|2,8,2,7|2,7,1,6|1,6,0,6|0,7,0,8|0,8,1,8|1,8,1,7|1,7,0,7
'/':-11,12|9,-16,-9,16|-9,16,-8,16|9,-16,10,-16|10,-16,-8,16
'0':-10,10|-1,-12,-4,-11|-4,-11,-6,-8|-6,-8,-7,-3|-7,-3,-7,0|-7,0,-6,5|-6,5,-4,8|-4,8,-1,9|-1,9,1,9|1,9,4,8|4,8,6,5|6,5,7,0|7,0,7,-3|7,-3,6,-8|6,-8,4,-11|4,-11,1,-12|1,-12,-1,-12|-4,-10,-5,-8|-5,-8,-6,-4|-6,-4,-6,1|-6,1,-5,5|-5,5,-4,7|4,7,5,5|5,5,6,1|6,1,6,-4|6,-4,5,-8|5,-8,4,-10|-1,-12,-3,-11|-3,-11,-4,-9|-4,-9,-5,-4|-5,-4,-5,1|-5,1,-4,6|-4,6,-3,8|-3,8,-1,9|1,9,3,8|3,8,4,6|4,6,5,1|5,1,5,-4|5,-4,4,-9|4,-9,3,-11|3,-11,1,-12
'1':-10,10|-1,-10,-1,9|0,-10,0,8|1,-12,1,9|1,-12,-2,-9|-2,-9,-4,-8|-5,9,5,9|-1,8,-3,9|-1,7,-2,9|1,7,2,9|1,8,3,9
'2':-10,10|-6,-8,-6,-7|-6,-7,-5,-7|-5,-7,-5,-8|-5,-8,-6,-8|-6,-9,-5,-9|-5,-9,-4,-8|-4,-8,-4,-7|-4,-7,-5,-6|-5,-6,-6,-6|-6,-6,-7,-7|-7,-7,-7,-8|-7,-8,-6,-10|-6,-10,-5,-11|-5,-11,-2,-12|-2,-12,2,-12|2,-12,5,-11|5,-11,6,-10|6,-10,7,-8|7,-8,7,-6|7,-6,6,-4|6,-4,3,-2|3,-2,-2,0|-2,0,-4,1|-4,1,-6,3|-6,3,-7,6|-7,6,-7,9|5,-10,6,-8|6,-8,6,-6|6,-6,5,-4|2,-12,4,-11|4,-11,5,-8|5,-8,5,-6|5,-6,4,-4|4,-4,2,-2|2,-2,-2,0|-7,7,-6,6|-6,6,-4,6|-4,6,1,7|1,7,5,7|5,7,7,6|-4,6,1,8|1,8,5,8|5,8,6,7|-4,6,1,9|1,9,5,9|5,9,6,8|6,8,7,6|7,6,7,4
'3':-10,10|-6,-8,-6,-7|-6,-7,-5,-7|-5,-7,-5,-8|-5,-8,-6,-8|-6,-9,-5,-9|-5,-9,-4,-8|-4,-8,-4,-7|-4,-7,-5,-6|-5,-6,-6,-6|-6,-6,-7,-7|-7,-7,-7,-8|-7,-8,-6,-10|-6,-10,-5,-11|-5,-11,-2,-12|-2,-12,2,-12|2,-12,5,-11|5,-11,6,-9|6,-9,6,-6|6,-6,5,-4|5,-4,2,-3|4,-11,5,-9|5,-9,5,-6|5,-6,4,-4|1,-12,3,-11|3,-11,4,-9|4,-9,4,-6|4,-6,3,-4|3,-4,1,-3|-1,-3,2,-3|2,-3,4,-2|4,-2,6,0|6,0,7,2|7,2,7,5|7,5,6,7|6,7,5,8|5,8,2,9|2,9,-2,9|-2,9,-5,8|-5,8,-6,7|-6,7,-7,5|-7,5,-7,4|-7,4,-6,3|-6,3,-5,3|-5,3,-4,4|-4,4,-4,5|-4,5,-5,6|-5,6,-6,6|5,0,6,2|6,2,6,5|6,5,5,7|1,-3,3,-2|3,-2,4,-1|4,-1,5,2|5,2,5,5|5,5,4,8|4,8,2,9|-6,4,-6,5|-6,5,-5,5|-5,5,-5,4|-5,4,-6,4
'4':-10,10|1,-9,1,9|2,-10,2,8|3,-12,3,9|3,-12,-8,3|-8,3,8,3|-2,9,6,9|1,8,-1,9|1,7,0,9|3,7,4,9|3,8,5,9
'5':-10,10|-5,-12,-7,-2|-7,-2,-5,-4|-5,-4,-2,-5|-2,-5,1,-5|1,-5,4,-4|4,-4,6,-2|6,-2,7,1|7,1,7,3|7,3,6,6|6,6,4,8|4,8,1,9|1,9,-2,9|-2,9,-5,8|-5,8,-6,7|-6,7,-7,5|-7,5,-7,4|-7,4,-6,3|-6,3,-5,3|-5,3,-4,4|-4,4,-4,5|-4,5,-5,6|-5,6,-6,6|5,-2,6,0|6,0,6,4|6,4,5,6|1,-5,3,-4|3,-4,4,-3|4,-3,5,0|5,0,5,4|5,4,4,7|4,7,3,8|3,8,1,9|-6,4,-6,5|-6,5,-5,5|-5,5,-5,4|-5,4,-6,4|-5,-12,5,-12|-5,-11,3,-11|-5,-10,-1,-10|-1,-10,3,-11|3,-11,5,-12
'6':-10,10|4,-9,4,-8|4,-8,5,-8|5,-8,5,-9|5,-9,4,-9|5,-10,4,-10|4,-10,3,-9|3,-9,3,-8|3,-8,4,-7|4,-7,5,-7|5,-7,6,-8|6,-8,6,-9|6,-9,5,-11|5,-11,3,-12|3,-12,0,-12|0,-12,-3,-11|-3,-11,-5,-9|-5,-9,-6,-7|-6,-7,-7,-3|-7,-3,-7,3|-7,3,-6,6|-6,6,-4,8|-4,8,-1,9|-1,9,1,9|1,9,4,8|4,8,6,6|6,6,7,3|7,3,7,2|7,2,6,-1|6,-1,4,-3|4,-3,1,-4|1,-4,-1,-4|-1,-4,-3,-3|-3,-3,-4,-2|-4,-2,-5,0|-4,-9,-5,-7|-5,-7,-6,-3|-6,-3,-6,3|-6,3,-5,6|-5,6,-4,7|5,6,6,4|6,4,6,1|6,1,5,-1|0,-12,-2,-11|-2,-11,-3,-10|-3,-10,-4,-8|-4,-8,-5,-4|-5,-4,-5,3|-5,3,-4,6|-4,6,-3,8|-3,8,-1,9|1,9,3,8|3,8,4,7|4,7,5,4|5,4,5,1|5,1,4,-2|4,-2,3,-3|3,-3,1,-4
'7':-10,10|-7,-12,-7,-6|7,-12,7,-9|7,-9,6,-6|6,-6,2,-1|2,-1,1,1|1,1,0,5|0,5,0,9|1,0,0,2|0,2,-1,5|-1,5,-1,9|6,-6,1,-1|1,-1,-1,2|-1,2,-2,5|-2,5,-2,9|-2,9,0,9|-7,-8,-6,-10|-6,-10,-4,-12|-4,-12,-2,-12|-2,-12,3,-9|3,-9,5,-9|5,-9,6,-10|6,-10,7,-12|-5,-10,-4,-11|-4,-11,-2,-11|-2,-11,0,-10|-7,-8,-6,-9|-6,-9,-4,-10|-4,-10,-2,-10|-2,-10,3,-9
'8':-10,10|-2,-12,-5,-11|-5,-11,-6,-9|-6,-9,-6,-6|-6,-6,-5,-4|-5,-4,-2,-3|-2,-3,2,-3|2,-3,5,-4|5,-4,6,-6|6,-6,6,-9|6,-9,5,-11|5,-11,2,-12|2,-12,-2,-12|-4,-11,-5,-9|-5,-9,-5,-6|-5,-6,-4,-4|4,-4,5,-6|5,-6,5,-9|5,-9,4,-11|-2,-12,-3,-11|-3,-11,-4,-9|-4,-9,-4,-6|-4,-6,-3,-4|-3,-4,-2,-3|2,-3,3,-4|3,-4,4,-6|4,-6,4,-9|4,-9,3,-11|3,-11,2,-12|-2,-3,-5,-2|-5,-2,-6,-1|-6,-1,-7,1|-7,1,-7,5|-7,5,-6,7|-6,7,-5,8|-5,8,-2,9|-2,9,2,9|2,9,5,8|5,8,6,7|6,7,7,5|7,5,7,1|7,1,6,-1|6,-1,5,-2|5,-2,2,-3|-5,-1,-6,1|-6,1,-6,5|-6,5,-5,7|5,7,6,5|6,5,6,1|6,1,5,-1|-2,-3,-4,-2|-4,-2,-5,1|-5,1,-5,5|-5,5,-4,8|-4,8,-2,9|2,9,4,8|4,8,5,5|5,5,5,1|5,1,4,-2|4,-2,2,-3
'9':-10,10|-5,5,-5,6|-5,6,-4,6|-4,6,-4,5|-4,5,-5,5|5,-3,4,-1|4,-1,3,0|3,0,1,1|1,1,-1,1|-1,1,-4,0|-4,0,-6,-2|-6,-2,-7,-5|-7,-5,-7,-6|-7,-6,-6,-9|-6,-9,-4,-11|-4,-11,-1,-12|-1,-12,1,-12|1,-12,4,-11|4,-11,6,-9|6,-9,7,-6|7,-6,7,0|7,0,6,4|6,4,5,6|5,6,3,8|3,8,0,9|0,9,-3,9|-3,9,-5,8|-5,8,-6,6|-6,6,-6,5|-6,5,-5,4|-5,4,-4,4|-4,4,-3,5|-3,5,-3,6|-3,6,-4,7|-4,7,-5,7|-5,-2,-6,-4|-6,-4,-6,-7|-6,-7,-5,-9|4,-10,5,-9|5,-9,6,-6|6,-6,6,0|6,0,5,4|5,4,4,6|-1,1,-3,0|-3,0,-4,-1|-4,-1,-5,-4|-5,-4,-5,-7|-5,-7,-4,-10|-4,-10,-3,-11|-3,-11,-1,-12|1,-12,3,-11|3,-11,4,-9|4,-9,5,-6|5,-6,5,1|5,1,4,5|4,5,3,7|3,7,2,8|2,8,0,9
':':-5,6|0,-5,-1,-4|-1,-4,-1,-3|-1,-3,0,-2|0,-2,1,-2|1,-2,2,-3|2,-3,2,-4|2,-4,1,-5|1,-5,0,-5|0,-4,0,-3|0,-3,1,-3|1,-3,1,-4|1,-4,0,-4|0,6,-1,7|-1,7,-1,8|-1,8,0,9|0,9,1,9|1,9,2,8|2,8,2,7|2,7,1,6|1,6,0,6|0,7,0,8|0,8,1,8|1,8,1,7|1,7,0,7
';':-5,6|0,-5,-1,-4|-1,-4,-1,-3|-1,-3,0,-2|0,-2,1,-2|1,-2,2,-3|2,-3,2,-4|2,-4,1,-5|1,-5,0,-5|0,-4,0,-3|0,-3,1,-3|1,-3,1,-4|1,-4,0,-4|2,8,1,9|1,9,0,9|0,9,-1,8|-1,8,-1,7|-1,7,0,6|0,6,1,6|1,6,2,7|2,7,2,10|2,10,1,12|1,12,-1,13|0,7,0,8|0,8,1,8|1,8,1,7|1,7,0,7|1,9,2,10|2,8,1,12
'<':-12,12|8,-9,-8,0|-8,0,8,9
'=':-12,13|-8,-5,9,-5|9,-5,9,-4|-8,-5,-8,-4|-8,-4,9,-4|-8,3,9,3|9,3,9,4|-8,3,-8,4|-8,4,9,4
'>':-12,12|-8,-9,8,0|8,0,-8,9
'?':-9,10|-5,-7,-5,-8|-5,-8,-4,-8|-4,-8,-4,-6|-4,-6,-6,-6|-6,-6,-6,-8|-6,-8,-5,-10|-5,-10,-4,-11|-4,-11,-2,-12|-2,-12,2,-12|2,-12,5,-11|5,-11,6,-10|6,-10,7,-8|7,-8,7,-6|7,-6,6,-4|6,-4,5,-3|5,-3,1,-1|5,-10,6,-9|6,-9,6,-5|6,-5,5,-4|2,-12,4,-11|4,-11,5,-9|5,-9,5,-5|5,-5,4,-3|4,-3,3,-2|0,-1,0,2|0,2,1,2|1,2,1,-1|1,-1,0,-1|0,6,-1,7|-1,7,-1,8|-1,8,0,9|0,9,1,9|1,9,2,8|2,8,2,7|2,7,1,6|1,6,0,6|0,7,0,8|0,8,1,8|1,8,1,7|1,7,0,7
'@':-13,14|5,-4,4,-6|4,-6,2,-7|2,-7,-1,-7|-1,-7,-3,-6|-3,-6,-4,-5|-4,-5,-5,-2|-5,-2,-5,1|-5,1,-4,3|-4,3,-2,4|-2,4,1,4|1,4,3,3|3,3,4,1|-1,-7,-3,-5|-3,-5,-4,-2|-4,-2,-4,1|-4,1,-3,3|-3,3,-2,4|5,-7,4,1|4,1,4,3|4,3,6,4|6,4,8,4|8,4,10,2|10,2,11,-1|11,-1,11,-3|11,-3,10,-6|10,-6,9,-8|9,-8,7,-10|7,-10,5,-11|5,-11,2,-12|2,-12,-1,-12|-1,-12,-4,-11|-4,-11,-6,-10|-6,-10,-8,-8|-8,-8,-9,-6|-9,-6,-10,-3|-10,-3,-10,0|-10,0,-9,3|-9,3,-8,5|-8,5,-6,7|-6,7,-4,8|-4,8,-1,9|-1,9,2,9|2,9,5,8|5,8,7,7|7,7,8,6|6,-7,5,1|5,1,5,3|5,3,6,4
'A':-10,10|0,-12,-7,8|-1,-9,5,9|0,-9,6,9|0,-12,7,9|-5,3,4,3|-9,9,-3,9|2,9,9,9|-7,8,-8,9|-7,8,-5,9|5,8,3,9|5,7,4,9|6,7,8,9
'B':-11,11|-6,-12,-6,9|-5,-11,-5,8|-4,-12,-4,9|-9,-12,3,-12|3,-12,6,-11|6,-11,7,-10|7,-10,8,-8|8,-8,8,-6|8,-6,7,-4|7,-4,6,-3|6,-3,3,-2|6,-10,7,-8|7,-8,7,-6|7,-6,6,-4|3,-12,5,-11|5,-11,6,-9|6,-9,6,-5|6,-5,5,-3|5,-3,3,-2|-4,-2,3,-2|3,-2,6,-1|6,-1,7,0|7,0,8,2|8,2,8,5|8,5,7,7|7,7,6,8|6,8,3,9|3,9,-9,9|6,0,7,2|7,2,7,5|7,5,6,7|3,-2,5,-1|5,-1,6,1|6,1,6,6|6,6,5,8|5,8,3,9|-8,-12,-6,-11|-7,-12,-6,-10|-3,-12,-4,-10|-2,-12,-4,-11|-6,8,-8,9|-6,7,-7,9|-4,7,-3,9|-4,8,-2,9
'C':-11,10|6,-9,7,-12|7,-12,7,-6|7,-6,6,-9|6,-9,4,-11|4,-11,2,-12|2,-12,-1,-12|-1,-12,-4,-11|-4,-11,-6,-9|-6,-9,-7,-7|-7,-7,-8,-4|-8,-4,-8,1|-8,1,-7,4|-7,4,-6,6|-6,6,-4,8|-4,8,-1,9|-1,9,2,9|2,9,4,8|4,8,6,6|6,6,7,4|-5,-9,-6,-7|-6,-7,-7,-4|-7,-4,-7,1|-7,1,-6,4|-6,4,-5,6|-1,-12,-3,-11|-3,-11,-5,-8|-5,-8,-6,-4|-6,-4,-6,1|-6,1,-5,5|-5,5,-3,8|-3,8,-1,9
'D':-11,11|-6,-12,-6,9|-5,-11,-5,8|-4,-12,-4,9|-9,-12,1,-12|1,-12,4,-11|4,-11,6,-9|6,-9,7,-7|7,-7,8,-4|8,-4,8,1|8,1,7,4|7,4,6,6|6,6,4,8|4,8,1,9|1,9,-9,9|5,-9,6,-7|6,-7,7,-4|7,-4,7,1|7,1,6,4|6,4,5,6|1,-12,3,-11|3,-11,5,-8|5,-8,6,-4|6,-4,6,1|6,1,5,5|5,5,3,8|3,8,1,9|-8,-12,-6,-11|-7,-12,-6,-10|-3,-12,-4,-10|-2,-12,-4,-11|-6,8,-8,9|-6,7,-7,9|-4,7,-3,9|-4,8,-2,9
'E':-11,10|-6,-12,-6,9|-5,-11,-5,8|-4,-12,-4,9|-9,-12,7,-12|7,-12,7,-6|-4,-2,2,-2|2,-6,2,2|-9,9,7,9|7,9,7,3|-8,-12,-6,-11|-7,-12,-6,-10|-3,-12,-4,-10|-2,-12,-4,-11|2,-12,7,-11|4,-12,7,-10|5,-12,7,-9|6,-12,7,-6|2,-6,1,-2|1,-2,2,2|2,-4,0,-2|0,-2,2,0|2,-3,-2,-2|-2,-2,2,-1|-6,8,-8,9|-6,7,-7,9|-4,7,-3,9|-4,8,-2,9|2,9,7,8|4,9,7,7|5,9,7,6|6,9,7,3
'F':-11,9|-6,-12,-6,9|-5,-11,-5,8|-4,-12,-4,9|-9,-12,7,-12|7,-12,7,-6|-4,-2,2,-2|2,-6,2,2|-9,9,-1,9|-8,-12,-6,-11|-7,-12,-6,-10|-3,-12,-4,-10|-2,-12,-4,-11|2,-12,7,-11|4,-12,7,-10|5,-12,7,-9|6,-12,7,-6|2,-6,1,-2|1,-2,2,2|2,-4,0,-2|0,-2,2,0|2,-3,-2,-2|-2,-2,2,-1|-6,8,-8,9|-6,7,-7,9|-4,7,-3,9|-4,8,-2,9
'G':-11,12|6,-9,7,-12|7,-12,7,-6|7,-6,6,-9|6,-9,4,-11|4,-11,2,-12|2,-12,-1,-12|-1,-12,-4,-11|-4,-11,-6,-9|-6,-9,-7,-7|-7,-7,-8,-4|-8,-4,-8,1|-8,1,-7,4|-7,4,-6,6|-6,6,-4,8|-4,8,-1,9|-1,9,2,9|2,9,4,8|4,8,6,8|6,8,7,9|7,9,7,1|-5,-9,-6,-7|-6,-7,-7,-4|-7,-4,-7,1|-7,1,-6,4|-6,4,-5,6|-1,-12,-3,-11|-3,-11,-5,-8|-5,-8,-6,-4|-6,-4,-6,1|-6,1,-5,5|-5,5,-3,8|-3,8,-1,9|6,2,6,7|5,1,5,7|5,7,4,8|2,1,10,1|3,1,5,2|4,1,5,3|8,1,7,3|9,1,7,2
'H':-12,12|-7,-12,-7,9|-6,-11,-6,8|-5,-12,-5,9|5,-12,5,9|6,-11,6,8|7,-12,7,9|-10,-12,-2,-12|2,-12,10,-12|-5,-2,5,-2|-10,9,-2,9|2,9,10,9|-9,-12,-7,-11|-8,-12,-7,-10|-4,-12,-5,-10|-3,-12,-5,-11|3,-12,5,-11|4,-12,5,-10|8,-12,7,-10|9,-12,7,-11|-7,8,-9,9|-7,7,-8,9|-5,7,-4,9|-5,8,-3,9|5,8,3,9|5,7,4,9|7,7,8,9|7,8,9,9
'I':-6,6|-1,-12,-1,9|0,-11,0,8|1,-12,1,9|-4,-12,4,-12|-4,9,4,9|-3,-12,-1,-11|-2,-12,-1,-10|2,-12,1,-10|3,-12,1,-11|-1,8,-3,9|-1,7,-2,9|1,7,2,9|1,8,3,9
'J':-8,7|1,-12,1,5|1,5,0,8|0,8,-1,9|2,-11,2,5|2,5,1,8|3,-12,3,5|3,5,2,8|2,8,-1,9|-1,9,-3,9|-3,9,-5,8|-5,8,-6,6|-6,6,-6,4|-6,4,-5,3|-5,3,-4,3|-4,3,-3,4|-3,4,-3,5|-3,5,-4,6|-4,6,-5,6|-5,4,-5,5|-5,5,-4,5|-4,5,-4,4|-4,4,-5,4|-2,-12,6,-12|-1,-12,1,-11|0,-12,1,-10|4,-12,3,-10|5,-12,3,-11
'K':-12,10|-7,-12,-7,9|-6,-11,-6,8|-5,-12,-5,9|6,-11,-5,0|-2,-2,5,9|-1,-2,6,9|-1,-4,7,9|-10,-12,-2,-12|3,-12,9,-12|-10,9,-2,9|2,9,9,9|-9,-12,-7,-11|-8,-12,-7,-10|-4,-12,-5,-10|-3,-12,-5,-11|5,-12,6,-11|8,-12,6,-11|-7,8,-9,9|-7,7,-8,9|-5,7,-4,9|-5,8,-3,9|5,7,3,9|5,7,8,9
'L':-9,9|-4,-12,-4,9|-3,-11,-3,8|-2,-12,-2,9|-7,-12,1,-12|-7,9,8,9|8,9,8,3|-6,-12,-4,-11|-5,-12,-4,-10|-1,-12,-2,-10|0,-12,-2,-11|-4,8,-6,9|-4,7,-5,9|-2,7,-1,9|-2,8,0,9|3,9,8,8|5,9,8,7|6,9,8,6|7,9,8,3
'M':-13,13|-8,-12,-8,8|-8,-12,-1,9|-7,-12,-1,6|-6,-12,0,6|6,-12,-1,9|6,-12,6,9|7,-11,7,8|8,-12,8,9|-11,-12,-6,-12|6,-12,11,-12|-11,9,-5,9|3,9,11,9|-10,-12,-8,-11|9,-12,8,-10|10,-12,8,-11|-8,8,-10,9|-8,8,-6,9|6,8,4,9|6,7,5,9|8,7,9,9|8,8,10,9
'N':-12,12|-7,-12,-7,8|-7,-12,7,9|-6,-12,6,6|-5,-12,7,6|7,-11,7,9|-10,-12,-5,-12|4,-12,10,-12|-10,9,-4,9|-9,-12,-7,-11|5,-12,7,-11|9,-12,7,-11|-7,8,-9,9|-7,8,-5,9
'O':-11,11|-1,-12,-4,-11|-4,-11,-6,-9|-6,-9,-7,-7|-7,-7,-8,-3|-8,-3,-8,0|-8,0,-7,4|-7,4,-6,6|-6,6,-4,8|-4,8,-1,9|-1,9,1,9|1,9,4,8|4,8,6,6|6,6,7,4|7,4,8,0|8,0,8,-3|8,-3,7,-7|7,-7,6,-9|6,-9,4,-11|4,-11,1,-12|1,-12,-1,-12|-5,-9,-6,-7|-6,-7,-7,-4|-7,-4,-7,1|-7,1,-6,4|-6,4,-5,6|5,6,6,4|6,4,7,1|7,1,7,-4|7,-4,6,-7|6,-7,5,-9|-1,-12,-3,-11|-3,-11,-5,-8|-5,-8,-6,-4|-6,-4,-6,1|-6,1,-5,5|-5,5,-3,8|-3,8,-1,9|1,9,3,8|3,8,5,5|5,5,6,1|6,1,6,-4|6,-4,5,-8|5,-8,3,-11|3,-11,1,-12
'P':-11,11|-6,-12,-6,9|-5,-11,-5,8|-4,-12,-4,9|-9,-12,3,-12|3,-12,6,-11|6,-11,7,-10|7,-10,8,-8|8,-8,8,-5|8,-5,7,-3|7,-3,6,-2|6,-2,3,-1|3,-1,-4,-1|6,-10,7,-8|7,-8,7,-5|7,-5,6,-3|3,-12,5,-11|5,-11,6,-9|6,-9,6,-4|6,-4,5,-2|5,-2,3,-1|-9,9,-1,9|-8,-12,-6,-11|-7,-12,-6,-10|-3,-12,-4,-10|-2,-12,-4,-11|-6,8,-8,9|-6,7,-7,9|-4,7,-3,9|-4,8,-2,9
'Q':-11,11|-1,-12,-4,-11|-4,-11,-6,-9|-6,-9,-7,-7|-7,-7,-8,-3|-8,-3,-8,0|-8,0,-7,4|-7,4,-6,6|-6,6,-4,8|-4,8,-1,9|-1,9,1,9|1,9,4,8|4,8,6,6|6,6,7,4|7,4,8,0|8,0,8,-3|8,-3,7,-7|7,-7,6,-9|6,-9,4,-11|4,-11,1,-12|1,-12,-1,-12|-5,-9,-6,-7|-6,-7,-7,-4|-7,-4,-7,1|-7,1,-6,4|-6,4,-5,6|5,6,6,4|6,4,7,1|7,1,7,-4|7,-4,6,-7|6,-7,5,-9|-1,-12,-3,-11|-3,-11,-5,-8|-5,-8,-6,-4|-6,-4,-6,1|-6,1,-5,5|-5,5,-3,8|-3,8,-1,9|1,9,3,8|3,8,5,5|5,5,6,1|6,1,6,-4|6,-4,5,-8|5,-8,3,-11|3,-11,1,-12|-4,6,-3,4|-3,4,-1,3|-1,3,0,3|0,3,2,4|2,4,3,6|3,6,4,12|4,12,5,14|5,14,7,14|7,14,8,12|8,12,8,10|4,10,5,12|5,12,6,13|6,13,7,13|3,6,5,11|5,11,6,12|6,12,7,12|7,12,8,11
'R':-11,11|-6,-12,-6,9|-5,-11,-5,8|-4,-12,-4,9|-9,-12,3,-12|3,-12,6,-11|6,-11,7,-10|7,-10,8,-8|8,-8,8,-6|8,-6,7,-4|7,-4,6,-3|6,-3,3,-2|3,-2,-4,-2|6,-10,7,-8|7,-8,7,-6|7,-6,6,-4|3,-12,5,-11|5,-11,6,-9|6,-9,6,-5|6,-5,5,-3|5,-3,3,-2|0,-2,2,-1|2,-1,3,1|3,1,5,7|5,7,6,9|6,9,8,9|8,9,9,7|9,7,9,5|5,5,6,7|6,7,7,8|7,8,8,8|2,-1,3,0|3,0,6,6|6,6,7,7|7,7,8,7|8,7,9,6|-9,9,-1,9|-8,-12,-6,-11|-7,-12,-6,-10|-3,-12,-4,-10|-2,-12,-4,-11|-6,8,-8,9|-6,7,-7,9|-4,7,-3,9|-4,8,-2,9
'S':-10,10|6,-9,7,-12|7,-12,7,-6|7,-6,6,-9|6,-9,4,-11|4,-11,1,-12|1,-12,-2,-12|-2,-12,-5,-11|-5,-11,-7,-9|-7,-9,-7,-6|-7,-6,-6,-4|-6,-4,-3,-2|-3,-2,3,0|3,0,5,1|5,1,6,3|6,3,6,6|6,6,5,8|-6,-6,-5,-4|-5,-4,-3,-3|-3,-3,3,-1|3,-1,5,0|5,0,6,2|-5,-11,-6,-9|-6,-9,-6,-7|-6,-7,-5,-5|-5,-5,-3,-4|-3,-4,3,-2|3,-2,6,0|6,0,7,2|7,2,7,5|7,5,6,7|6,7,5,8|5,8,2,9|2,9,-1,9|-1,9,-4,8|-4,8,-6,6|-6,6,-7,3|-7,3,-7,9|-7,9,-6,6
'T':-10,10|-8,-12,-8,-6|-1,-12,-1,9|0,-11,0,8|1,-12,1,9|8,-12,8,-6|-8,-12,8,-12|-4,9,4,9|-7,-12,-8,-6|-6,-12,-8,-9|-5,-12,-8,-10|-3,-12,-8,-11|3,-12,8,-11|5,-12,8,-10|6,-12,8,-9|7,-12,8,-6|-1,8,-3,9|-1,7,-2,9|1,7,2,9|1,8,3,9
'U':-12,12|-7,-12,-7,3|-7,3,-6,6|-6,6,-4,8|-4,8,-1,9|-1,9,1,9|1,9,4,8|4,8,6,6|6,6,7,3|7,3,7,-11|-6,-11,-6,4|-6,4,-5,6|-5,-12,-5,4|-5,4,-4,7|-4,7,-3,8|-3,8,-1,9|-10,-12,-2,-12|4,-12,10,-12|-9,-12,-7,-11|-8,-12,-7,-10|-4,-12,-5,-10|-3,-12,-5,-11|5,-12,7,-11|9,-12,7,-11
'V':-10,10|-7,-12,0,9|-6,-12,0,6|0,6,0,9|-5,-12,1,6|7,-11,0,9|-9,-12,-2,-12|3,-12,9,-12|-8,-12,-6,-10|-4,-12,-5,-10|-3,-12,-5,-11|5,-12,7,-11|8,-12,7,-11
'W':-12,12|-8,-12,-4,9|-7,-12,-4,4|-4,4,-4,9|-6,-12,-3,4|0,-12,-3,4|-3,4,-4,9|0,-12,4,9|1,-12,4,4|4,4,4,9|2,-12,5,4|8,-11,5,4|5,4,4,9|-11,-12,-3,-12|0,-12,2,-12|5,-12,11,-12|-10,-12,-7,-11|-9,-12,-7,-10|-5,-12,-6,-10|-4,-12,-6,-11|6,-12,8,-11|10,-12,8,-11
'X':-10,10|-7,-12,5,9|-6,-12,6,9|-5,-12,7,9|6,-11,-6,8|-9,-12,-2,-12|3,-12,9,-12|-9,9,-3,9|2,9,9,9|-8,-12,-5,-10|-4,-12,-5,-10|-3,-12,-5,-11|4,-12,6,-11|8,-12,6,-11|-6,8,-8,9|-6,8,-4,9|5,8,3,9|5,7,4,9|5,7,8,9
'Y':-11,11|-8,-12,-1,-1|-1,-1,-1,9|-7,-12,0,-1|0,-1,0,8|-6,-12,1,-1|1,-1,1,9|7,-11,1,-1|-10,-12,-3,-12|4,-12,10,-12|-4,9,4,9|-9,-12,-7,-11|-4,-12,-6,-11|5,-12,7,-11|9,-12,7,-11|-1,8,-3,9|-1,7,-2,9|1,7,2,9|1,8,3,9
'Z':-10,10|7,-12,-7,-12|-7,-12,-7,-6|5,-12,-7,9|6,-12,-6,9|7,-12,-5,9|-7,9,7,9|7,9,7,3|-6,-12,-7,-6|-5,-12,-7,-9|-4,-12,-7,-10|-2,-12,-7,-11|2,9,7,8|4,9,7,7|5,9,7,6|6,9,7,3
'[':-7,7|-3,-16,-3,16|-2,-16,-2,16|-3,-16,4,-16|-3,16,4,16
'\':-7,7|-7,-12,7,12
']':-7,7|2,-16,2,16|3,-16,3,16|-4,-16,3,-16|-4,16,3,16
'^':-8,8|-2,-6,0,-9|0,-9,2,-6|-5,-3,0,-8|0,-8,5,-3|0,-8,0,9
'_':-8,8|-8,11,8,11
'`':-5,6|2,-12,0,-11|0,-11,-1,-9|-1,-9,-1,-6|-1,-6,0,-5|0,-5,1,-5|1,-5,2,-6|2,-6,2,-7|2,-7,1,-8|1,-8,0,-8|0,-8,-1,-7|0,-7,0,-6|0,-6,1,-6|1,-6,1,-7|1,-7,0,-7|0,-11,-1,-7|-1,-9,0,-8
'a':-9,11|-4,-2,-4,-3|-4,-3,-3,-3|-3,-3,-3,-1|-3,-1,-5,-1|-5,-1,-5,-3|-5,-3,-4,-4|-4,-4,-2,-5|-2,-5,2,-5|2,-5,4,-4|4,-4,5,-3|5,-3,6,-1|6,-1,6,6|6,6,7,8|7,8,8,9|4,-3,5,-1|5,-1,5,6|5,6,6,8|2,-5,3,-4|3,-4,4,-2|4,-2,4,6|4,6,5,8|5,8,8,9|8,9,9,9|4,0,3,1|3,1,-2,2|-2,2,-5,3|-5,3,-6,5|-6,5,-6,6|-6,6,-5,8|-5,8,-2,9|-2,9,1,9|1,9,3,8|3,8,4,6|-4,3,-5,5|-5,5,-5,6|-5,6,-4,8|3,1,-1,2|-1,2,-3,3|-3,3,-4,5|-4,5,-4,6|-4,6,-3,8|-3,8,-2,9
'b':-11,10|-6,-12,-6,9|-6,9,-5,8|-5,8,-3,8|-5,-11,-5,7|-9,-12,-4,-12|-4,-12,-4,8|-4,-2,-3,-4|-3,-4,-1,-5|-1,-5,1,-5|1,-5,4,-4|4,-4,6,-2|6,-2,7,1|7,1,7,3|7,3,6,6|6,6,4,8|4,8,1,9|1,9,-1,9|-1,9,-3,8|-3,8,-4,6|5,-2,6,0|6,0,6,4|6,4,5,6|1,-5,3,-4|3,-4,4,-3|4,-3,5,0|5,0,5,4|5,4,4,7|4,7,3,8|3,8,1,9|-8,-12,-6,-11|-7,-12,-6,-10
'c':-10,9|5,-1,5,-2|5,-2,4,-2|4,-2,4,0|4,0,6,0|6,0,6,-2|6,-2,4,-4|4,-4,2,-5|2,-5,-1,-5|-1,-5,-4,-4|-4,-4,-6,-2|-6,-2,-7,1|-7,1,-7,3|-7,3,-6,6|-6,6,-4,8|-4,8,-1,9|-1,9,1,9|1,9,4,8|4,8,6,6|-5,-2,-6,0|-6,0,-6,4|-6,4,-5,6|-1,-5,-3,-4|-3,-4,-4,-3|-4,-3,-5,0|-5,0,-5,4|-5,4,-4,7|-4,7,-3,8|-3,8,-1,9
'd':-10,11|4,-12,4,9|4,9,9,9|5,-11,5,8|1,-12,6,-12|6,-12,6,9|4,-2,3,-4|3,-4,1,-5|1,-5,-1,-5|-1,-5,-4,-4|-4,-4,-6,-2|-6,-2,-7,1|-7,1,-7,3|-7,3,-6,6|-6,6,-4,8|-4,8,-1,9|-1,9,1,9|1,9,3,8|3,8,4,6|-5,-2,-6,0|-6,0,-6,4|-6,4,-5,6|-1,-5,-3,-4|-3,-4,-4,-3|-4,-3,-5,0|-5,0,-5,4|-5,4,-4,7|-4,7,-3,8|-3,8,-1,9|2,-12,4,-11|3,-12,4,-10|6,7,7,9|6,8,8,9
'e':-10,9|-5,1,6,1|6,1,6,-1|6,-1,5,-3|5,-3,4,-4|4,-4,1,-5|1,-5,-1,-5|-1,-5,-4,-4|-4,-4,-6,-2|-6,-2,-7,1|-7,1,-7,3|-7,3,-6,6|-6,6,-4,8|-4,8,-1,9|-1,9,1,9|1,9,4,8|4,8,6,6|5,0,5,-1|5,-1,4,-3|-5,-2,-6,0|-6,0,-6,4|-6,4,-5,6|4,1,4,-2|4,-2,3,-4|3,-4,1,-5|-1,-5,-3,-4|-3,-4,-4,-3|-4,-3,-5,0|-5,0,-5,4|-5,4,-4,7|-4,7,-3,8|-3,8,-1,9
'f':-7,7|5,-10,5,-11|5,-11,4,-11|4,-11,4,-9|4,-9,6,-9|6,-9,6,-11|6,-11,5,-12|5,-12,2,-12|2,-12,0,-11|0,-11,-1,-10|-1,-10,-2,-7|-2,-7,-2,9|0,-10,-1,-7|-1,-7,-1,8|2,-12,1,-11|1,-11,0,-9|0,-9,0,9|-5,-5,4,-5|-5,9,3,9|-2,8,-4,9|-2,7,-3,9|0,7,1,9|0,8,2,9
'g':-9,10|6,-4,7,-3|7,-3,8,-4|8,-4,7,-5|7,-5,6,-5|6,-5,4,-4|4,-4,3,-3|-1,-5,-3,-4|-3,-4,-4,-3|-4,-3,-5,-1|-5,-1,-5,1|-5,1,-4,3|-4,3,-3,4|-3,4,-1,5|-1,5,1,5|1,5,3,4|3,4,4,3|4,3,5,1|5,1,5,-1|5,-1,4,-3|4,-3,3,-4|3,-4,1,-5|1,-5,-1,-5|-3,-3,-4,-1|-4,-1,-4,1|-4,1,-3,3|3,3,4,1|4,1,4,-1|4,-1,3,-3|-1,-5,-2,-4|-2,-4,-3,-2|-3,-2,-3,2|-3,2,-2,4|-2,4,-1,5|1,5,2,4|2,4,3,2|3,2,3,-2|3,-2,2,-4|2,-4,1,-5|-4,3,-5,4|-5,4,-6,6|-6,6,-6,7|-6,7,-5,9|-5,9,-4,10|-4,10,-1,11|-1,11,3,11|3,11,6,12|6,12,7,13|-4,9,-1,10|-1,10,3,10|3,10,6,11|-6,7,-5,8|-5,8,-2,9|-2,9,3,9|3,9,6,10|6,10,7,12|7,12,7,13|7,13,6,15|6,15,3,16|3,16,-3,16|-3,16,-6,15|-6,15,-7,13|-7,13,-7,12|-7,12,-6,10|-6,10,-3,9|-3,16,-5,15|-5,15,-6,13|-6,13,-6,12|-6,12,-5,10|-5,10,-3,9
'h':-11,12|-6,-12,-6,9|-5,-11,-5,8|-9,-12,-4,-12|-4,-12,-4,9|-4,-1,-3,-3|-3,-3,-2,-4|-2,-4,0,-5|0,-5,3,-5|3,-5,5,-4|5,-4,6,-3|6,-3,7,0|7,0,7,9|5,-3,6,0|6,0,6,8|3,-5,4,-4|4,-4,5,-1|5,-1,5,9|-9,9,-1,9|2,9,10,9|-8,-12,-6,-11|-7,-12,-6,-10|-6,8,-8,9|-6,7,-7,9|-4,7,-3,9|-4,8,-2,9|5,8,3,9|5,7,4,9|7,7,8,9|7,8,9,9
'i':-6,6|-1,-12,-1,-10|-1,-10,1,-10|1,-10,1,-12|1,-12,-1,-12|0,-12,0,-10|-1,-11,1,-11|-1,-5,-1,9|0,-4,0,8|-4,-5,1,-5|1,-5,1,9|-4,9,4,9|-3,-5,-1,-4|-2,-5,-1,-3|-1,8,-3,9|-1,7,-2,9|1,7,2,9|1,8,3,9
'j':-7,6|0,-12,0,-10|0,-10,2,-10|2,-10,2,-12|2,-12,0,-12|1,-12,1,-10|0,-11,2,-11|0,-5,0,12|0,12,-1,15|-1,15,-2,16|1,-4,1,11|1,11,0,14|-3,-5,2,-5|2,-5,2,11|2,11,1,14|1,14,0,15|0,15,-2,16|-2,16,-5,16|-5,16,-6,15|-6,15,-6,13|-6,13,-4,13|-4,13,-4,15|-4,15,-5,15|-5,15,-5,14|-2,-5,0,-4|-1,-5,0,-3
'k':-11,11|-6,-12,-6,9|-5,-11,-5,8|-9,-12,-4,-12|-4,-12,-4,9|5,-4,-4,5|0,1,7,9|0,2,6,9|-1,2,5,9|2,-5,9,-5|-9,9,-1,9|2,9,9,9|-8,-12,-6,-11|-7,-12,-6,-10|3,-5,5,-4|8,-5,5,-4|-6,8,-8,9|-6,7,-7,9|-4,7,-3,9|-4,8,-2,9|5,7,3,9|4,7,8,9
'l':-6,6|-1,-12,-1,9|0,-11,0,8|-4,-12,1,-12|1,-12,1,9|-4,9,4,9|-3,-12,-1,-11|-2,-12,-1,-10|-1,8,-3,9|-1,7,-2,9|1,7,2,9|1,8,3,9
'm':-17,17|-12,-5,-12,9|-11,-4,-11,8|-15,-5,-10,-5|-10,-5,-10,9|-10,-1,-9,-3|-9,-3,-8,-4|-8,-4,-6,-5|-6,-5,-3,-5|-3,-5,-1,-4|-1,-4,0,-3|0,-3,1,0|1,0,1,9|-1,-3,0,0|0,0,0,8|-3,-5,-2,-4|-2,-4,-1,-1|-1,-1,-1,9|1,-1,2,-3|2,-3,3,-4|3,-4,5,-5|5,-5,8,-5|8,-5,10,-4|10,-4,11,-3|11,-3,12,0|12,0,12,9|10,-3,11,0|11,0,11,8|8,-5,9,-4|9,-4,10,-1|10,-1,10,9|-15,9,-7,9|-4,9,4,9|7,9,15,9|-14,-5,-12,-4|-13,-5,-12,-3|-12,8,-14,9|-12,7,-13,9|-10,7,-9,9|-10,8,-8,9|-1,8,-3,9|-1,7,-2,9|1,7,2,9|1,8,3,9|10,8,8,9|10,7,9,9|12,7,13,9|12,8,14,9
'n':-11,12|-6,-5,-6,9|-5,-4,-5,8|-9,-5,-4,-5|-4,-5,-4,9|-4,-1,-3,-3|-3,-3,-2,-4|-2,-4,0,-5|0,-5,3,-5|3,-5,5,-4|5,-4,6,-3|6,-3,7,0|7,0,7,9|5,-3,6,0|6,0,6,8|3,-5,4,-4|4,-4,5,-1|5,-1,5,9|-9,9,-1,9|2,9,10,9|-8,-5,-6,-4|-7,-5,-6,-3|-6,8,-8,9|-6,7,-7,9|-4,7,-3,9|-4,8,-2,9|5,8,3,9|5,7,4,9|7,7,8,9|7,8,9,9
'o':-10,10|-1,-5,-4,-4|-4,-4,-6,-2|-6,-2,-7,1|-7,1,-7,3|-7,3,-6,6|-6,6,-4,8|-4,8,-1,9|-1,9,1,9|1,9,4,8|4,8,6,6|6,6,7,3|7,3,7,1|7,1,6,-2|6,-2,4,-4|4,-4,1,-5|1,-5,-1,-5|-5,-2,-6,0|-6,0,-6,4|-6,4,-5,6|5,6,6,4|6,4,6,0|6,0,5,-2|-1,-5,-3,-4|-3,-4,-4,-3|-4,-3,-5,0|-5,0,-5,4|-5,4,-4,7|-4,7,-3,8|-3,8,-1,9|1,9,3,8|3,8,4,7|4,7,5,4|5,4,5,0|5,0,4,-3|4,-3,3,-4|3,-4,1,-5
'p':-11,10|-6,-5,-6,16|-5,-4,-5,15|-9,-5,-4,-5|-4,-5,-4,16|-4,-2,-3,-4|-3,-4,-1,-5|-1,-5,1,-5|1,-5,4,-4|4,-4,6,-2|6,-2,7,1|7,1,7,3|7,3,6,6|6,6,4,8|4,8,1,9|1,9,-1,9|-1,9,-3,8|-3,8,-4,6|5,-2,6,0|6,0,6,4|6,4,5,6|1,-5,3,-4|3,-4,4,-3|4,-3,5,0|5,0,5,4|5,4,4,7|4,7,3,8|3,8,1,9|-9,16,-1,16|-8,-5,-6,-4|-7,-5,-6,-3|-6,15,-8,16|-6,14,-7,16|-4,14,-3,16|-4,15,-2,16
'q':-10,10|4,-4,4,16|5,-3,5,15|3,-4,5,-4|5,-4,6,-5|6,-5,6,16|4,-2,3,-4|3,-4,1,-5|1,-5,-1,-5|-1,-5,-4,-4|-4,-4,-6,-2|-6,-2,-7,1|-7,1,-7,3|-7,3,-6,6|-6,6,-4,8|-4,8,-1,9|-1,9,1,9|1,9,3,8|3,8,4,6|-5,-2,-6,0|-6,0,-6,4|-6,4,-5,6|-1,-5,-3,-4|-3,-4,-4,-3|-4,-3,-5,0|-5,0,-5,4|-5,4,-4,7|-4,7,-3,8|-3,8,-1,9|1,16,9,16|4,15,2,16|4,14,3,16|6,14,7,16|6,15,8,16
'r':-9,8|-4,-5,-4,9|-3,-4,-3,8|-7,-5,-2,-5|-2,-5,-2,9|5,-3,5,-4|5,-4,4,-4|4,-4,4,-2|4,-2,6,-2|6,-2,6,-4|6,-4,5,-5|5,-5,3,-5|3,-5,1,-4|1,-4,-1,-2|-1,-2,-2,1|-7,9,1,9|-6,-5,-4,-4|-5,-5,-4,-3|-4,8,-6,9|-4,7,-5,9|-2,7,-1,9|-2,8,0,9
's':-8,9|5,-3,6,-5|6,-5,6,-1|6,-1,5,-3|5,-3,4,-4|4,-4,2,-5|2,-5,-2,-5|-2,-5,-4,-4|-4,-4,-5,-3|-5,-3,-5,-1|-5,-1,-4,1|-4,1,-2,2|-2,2,3,3|3,3,5,4|5,4,6,7|-4,-4,-5,-1|-4,0,-2,1|-2,1,3,2|3,2,5,3|6,4,5,8|-5,-3,-4,-1|-4,-1,-2,0|-2,0,3,1|3,1,5,2|5,2,6,4|6,4,6,7|6,7,5,8|5,8,3,9|3,9,-1,9|-1,9,-3,8|-3,8,-4,7|-4,7,-5,5|-5,5,-5,9|-5,9,-4,7
't':-7,8|-2,-10,-2,4|-2,4,-1,7|-1,7,0,8|0,8,2,9|2,9,4,9|4,9,6,8|6,8,7,6|-1,-10,-1,5|-1,5,0,7|-2,-10,0,-12|0,-12,0,5|0,5,1,8|1,8,2,9|-5,-5,4,-5
'u':-11,12|-6,-5,-6,4|-6,4,-5,7|-5,7,-4,8|-4,8,-2,9|-2,9,1,9|1,9,3,8|3,8,4,7|4,7,5,5|-5,-4,-5,5|-5,5,-4,7|-9,-5,-4,-5|-4,-5,-4,5|-4,5,-3,8|-3,8,-2,9|5,-5,5,9|5,9,10,9|6,-4,6,8|2,-5,7,-5|7,-5,7,9|-8,-5,-6,-4|-7,-5,-6,-3|7,7,8,9|7,8,9,9
'v':-9,9|-6,-5,0,9|-5,-5,0,7|-4,-5,1,7|6,-4,1,7|1,7,0,9|-8,-5,-1,-5|2,-5,8,-5|-7,-5,-4,-3|-2,-5,-4,-4|4,-5,6,-4|7,-5,6,-4
'w':-12,12|-8,-5,-4,9|-7,-5,-4,6|-6,-5,-3,6|0,-5,-3,6|-3,6,-4,9|0,-5,4,9|1,-5,4,6|0,-5,2,-5|2,-5,5,6|8,-4,5,6|5,6,4,9|-11,-5,-3,-5|5,-5,11,-5|-10,-5,-7,-4|-4,-5,-6,-4|6,-5,8,-4|10,-5,8,-4
'x':-10,10|-6,-5,4,9|-5,-5,5,9|-4,-5,6,9|5,-4,-5,8|-8,-5,-1,-5|2,-5,8,-5|-8,9,-2,9|1,9,8,9|-7,-5,-5,-4|-2,-5,-4,-4|3,-5,5,-4|7,-5,5,-4|-5,8,-7,9|-5,8,-3,9|4,8,2,9|5,8,7,9
'y':-10,9|-6,-5,0,9|-5,-5,0,7|-4,-5,1,7|6,-4,1,7|1,7,-2,13|-2,13,-4,15|-4,15,-6,16|-6,16,-8,16|-8,16,-9,15|-9,15,-9,13|-9,13,-7,13|-7,13,-7,15|-7,15,-8,15|-8,15,-8,14|-8,-5,-1,-5|2,-5,8,-5|-7,-5,-4,-3|-2,-5,-4,-4|4,-5,6,-4|7,-5,6,-4
'z':-9,9|4,-5,-6,9|5,-5,-5,9|6,-5,-4,9|6,-5,-6,-5|-6,-5,-6,-1|-6,9,6,9|6,9,6,5|-5,-5,-6,-1|-4,-5,-6,-2|-3,-5,-6,-3|-1,-5,-6,-4|1,9,6,8|3,9,6,7|4,9,6,6|5,9,6,5
'{':-7,7|2,-16,0,-15|0,-15,-1,-14|-1,-14,-2,-12|-2,-12,-2,-10|-2,-10,-1,-8|-1,-8,0,-7|0,-7,1,-5|1,-5,1,-3|1,-3,-1,-1|0,-15,-1,-13|-1,-13,-1,-11|-1,-11,0,-9|0,-9,1,-8|1,-8,2,-6|2,-6,2,-4|2,-4,1,-2|1,-2,-3,0|-3,0,1,2|1,2,2,4|2,4,2,6|2,6,1,8|1,8,0,9|0,9,-1,11|-1,11,-1,13|-1,13,0,15|-1,1,1,3|1,3,1,5|1,5,0,7|0,7,-1,8|-1,8,-2,10|-2,10,-2,12|-2,12,-1,14|-1,14,0,15|0,15,2,16
'|':-4,4|0,-16,0,16
'}':-7,7|-2,-16,0,-15|0,-15,1,-14|1,-14,2,-12|2,-12,2,-10|2,-10,1,-8|1,-8,0,-7|0,-7,-1,-5|-1,-5,-1,-3|-1,-3,1,-1|0,-15,1,-13|1,-13,1,-11|1,-11,0,-9|0,-9,-1,-8|-1,-8,-2,-6|-2,-6,-2,-4|-2,-4,-1,-2|-1,-2,3,0|3,0,-1,2|-1,2,-2,4|-2,4,-2,6|-2,6,-1,8|-1,8,0,9|0,9,1,11|1,11,1,13|1,13,0,15|1,1,-1,3|-1,3,-1,5|-1,5,0,7|0,7,1,8|1,8,2,10|2,10,2,12|2,12,1,14|1,14,0,15|0,15,-2,16
'~':-12,12|-9,3,-9,1|-9,1,-8,-2|-8,-2,-6,-3|-6,-3,-4,-3|-4,-3,-2,-2|-2,-2,2,1|2,1,4,2|4,2,6,2|6,2,8,1|8,1,9,-1|-9,1,-8,-1|-8,-1,-6,-2|-6,-2,-4,-2|-4,-2,-2,-1|-2,-1,2,2|2,2,4,3|4,3,6,3|6,3,8,2|8,2,9,-1|9,-1,9,-3
'':-7,7|-1,-12,-3,-11|-3,-11,-4,-9|-4,-9,-4,-7|-4,-7,-3,-5|-3,-5,-1,-4|-1,-4,1,-4|1,-4,3,-5|3,-5,4,-7|4,-7,4,-9|4,-9,3,-11|3,-11,1,-12|1,-12,-1,-12|-1,-12,-4,-9|-4,-9,-3,-5|-3,-5,1,-4|1,-4,4,-7|4,-7,3,-11|3,-11,-1,-12|1,-12,-3,-11|-3,-11,-4,-7|-4,-7,-1,-4|-1,-4,3,-5|3,-5,4,-9|4,-9,1,-12

